3 138 5 138
3 64 5 64
7 9 10 9
5 174 13 174
5 57 7 57
33 0 173 0
196 72 197 72
193 49 197 49
58 186 60 186
20 185 58 185
60 197 66 197
86 197 167 197
1 122 3 122
1 91 3 91
66 199 86 199
193 38 199 38
192 31 199 31
88 197 141 197
2 48 4 48
5 48 7 48
2 45 4 45
5 45 7 45
167 160 192 160
173 3 192 3
192 132 193 132
13 179 20 179
193 90 196 90
4 54 5 54
4 32 5 32
10 2 33 2
33 0 33 1
173 0 173 1
33 1 33 2
173 1 173 2
10 2 10 3
173 2 173 3
10 3 10 5
192 3 192 5
10 5 10 6
192 5 192 6
10 6 10 7
192 6 192 7
10 7 10 8
192 7 192 8
10 8 10 9
192 8 192 9
7 9 7 11
192 9 192 11
7 11 7 12
192 11 192 12
7 12 7 14
192 12 192 14
7 14 7 18
192 14 192 18
7 18 7 20
192 18 192 20
7 20 7 21
192 20 192 21
7 21 7 22
192 21 192 22
7 22 7 24
192 22 192 24
7 24 7 26
192 24 192 26
7 26 7 27
192 26 192 27
7 27 7 28
192 27 192 28
7 28 7 29
192 28 192 29
7 29 7 30
192 29 192 30
7 30 7 31
192 30 192 31
7 31 7 32
199 31 199 32
4 32 4 33
5 32 5 33
7 32 7 33
199 32 199 33
4 33 4 34
5 33 5 34
7 33 7 34
199 33 199 34
4 34 4 38
5 34 5 38
7 34 7 38
199 34 199 38
4 38 4 39
5 38 5 39
7 38 7 39
193 38 193 39
4 39 4 40
5 39 5 40
7 39 7 40
193 39 193 40
4 40 4 41
5 40 5 41
7 40 7 41
193 40 193 41
4 41 4 42
5 41 5 42
7 41 7 42
193 41 193 42
4 42 4 44
5 42 5 44
7 42 7 44
193 42 193 44
4 44 4 45
5 44 5 45
7 44 7 45
193 44 193 45
2 45 2 46
193 45 193 46
2 46 2 48
193 46 193 48
4 48 4 49
5 48 5 49
7 48 7 49
193 48 193 49
4 49 4 50
5 49 5 50
7 49 7 50
197 49 197 50
4 50 4 53
5 50 5 53
7 50 7 53
197 50 197 53
4 53 4 54
5 53 5 54
7 53 7 54
197 53 197 54
7 54 7 55
197 54 197 55
7 55 7 56
197 55 197 56
7 56 7 57
197 56 197 57
5 57 5 59
197 57 197 59
5 59 5 60
197 59 197 60
5 60 5 62
197 60 197 62
5 62 5 63
197 62 197 63
5 63 5 64
197 63 197 64
3 64 3 65
197 64 197 65
3 65 3 66
197 65 197 66
3 66 3 70
197 66 197 70
3 70 3 71
197 70 197 71
3 71 3 72
197 71 197 72
3 72 3 73
196 72 196 73
3 73 3 74
196 73 196 74
3 74 3 75
196 74 196 75
3 75 3 76
196 75 196 76
3 76 3 77
196 76 196 77
3 77 3 78
196 77 196 78
3 78 3 79
196 78 196 79
3 79 3 80
196 79 196 80
3 80 3 81
196 80 196 81
3 81 3 82
196 81 196 82
3 82 3 83
196 82 196 83
3 83 3 84
196 83 196 84
3 84 3 85
196 84 196 85
3 85 3 87
196 85 196 87
3 87 3 88
196 87 196 88
3 88 3 90
196 88 196 90
3 90 3 91
193 90 193 91
1 91 1 92
193 91 193 92
1 92 1 93
193 92 193 93
1 93 1 94
193 93 193 94
1 94 1 95
193 94 193 95
1 95 1 96
193 95 193 96
1 96 1 97
193 96 193 97
1 97 1 98
193 97 193 98
1 98 1 99
193 98 193 99
1 99 1 100
193 99 193 100
1 100 1 101
193 100 193 101
1 101 1 102
193 101 193 102
1 102 1 108
193 102 193 108
1 108 1 110
193 108 193 110
1 110 1 115
193 110 193 115
1 115 1 117
193 115 193 117
1 117 1 118
193 117 193 118
1 118 1 122
193 118 193 122
3 122 3 123
193 122 193 123
3 123 3 129
193 123 193 129
3 129 3 131
193 129 193 131
3 131 3 132
193 131 193 132
3 132 3 133
192 132 192 133
3 133 3 134
192 133 192 134
3 134 3 135
192 134 192 135
3 135 3 136
192 135 192 136
3 136 3 138
192 136 192 138
5 138 5 140
192 138 192 140
5 140 5 141
192 140 192 141
5 141 5 142
192 141 192 142
5 142 5 144
192 142 192 144
5 144 5 146
192 144 192 146
5 146 5 148
192 146 192 148
5 148 5 149
192 148 192 149
5 149 5 156
192 149 192 156
5 156 5 160
192 156 192 160
5 160 5 161
167 160 167 161
5 161 5 164
167 161 167 164
5 164 5 166
167 164 167 166
5 166 5 167
167 166 167 167
5 167 5 168
167 167 167 168
5 168 5 173
167 168 167 173
5 173 5 174
167 173 167 174
13 174 13 175
167 174 167 175
13 175 13 177
167 175 167 177
13 177 13 178
167 177 167 178
13 178 13 179
167 178 167 179
20 179 20 181
167 179 167 181
20 181 20 183
167 181 167 183
20 183 20 184
167 183 167 184
20 184 20 185
167 184 167 185
58 185 58 186
167 185 167 186
60 186 60 189
167 186 167 189
60 189 60 197
167 189 167 197
66 197 66 199
86 197 86 199
