88 63 88 110
88 63 185 63
185 63 185 110
88 110 185 110
48 38 48 97
48 38 133 38
133 38 133 97
48 97 133 97
25 92 25 93
25 92 70 92
70 92 70 93
25 93 70 93
76 8 76 11
76 8 97 8
97 8 97 11
76 11 97 11
3 64 3 138
3 64 160 64
160 64 160 138
3 138 160 138
92 88 92 141
92 88 127 88
127 88 127 141
92 141 127 141
82 92 82 138
82 92 167 92
167 92 167 138
82 138 167 138
49 34 49 96
49 34 153 34
153 34 153 96
49 96 153 96
90 29 90 56
90 29 181 29
181 29 181 56
90 56 181 56
7 9 7 118
7 9 19 9
19 9 19 118
7 118 19 118
67 7 67 148
67 7 93 7
93 7 93 148
67 148 93 148
50 28 50 101
50 28 109 28
109 28 109 101
50 101 109 101
81 34 81 140
81 34 112 34
112 34 112 140
81 140 112 140
10 84 10 133
10 84 173 84
173 84 173 133
10 133 173 133
43 77 43 160
43 77 122 77
122 77 122 160
43 160 122 160
82 42 82 149
82 42 108 42
108 42 108 149
82 149 108 149
60 14 60 100
60 14 132 14
132 14 132 100
60 100 132 100
52 18 52 144
52 18 126 18
126 18 126 144
52 144 126 144
40 34 40 98
40 34 193 34
193 34 193 98
40 98 193 98
69 9 69 65
69 9 185 9
185 9 185 65
69 65 185 65
66 22 66 75
66 22 100 22
100 22 100 75
66 75 100 75
56 59 56 93
56 59 120 59
120 59 120 93
56 93 120 93
58 44 58 117
58 44 185 44
185 44 185 117
58 117 185 117
15 40 15 160
15 40 146 40
146 40 146 160
15 160 146 160
95 60 95 91
95 60 136 60
136 60 136 91
95 91 136 91
21 59 21 76
21 59 164 59
164 59 164 76
21 76 164 76
5 57 5 174
5 57 84 57
84 57 84 174
5 174 84 174
33 0 33 5
33 0 173 0
173 0 173 5
33 5 173 5
60 85 60 131
60 85 126 85
126 85 126 131
60 131 126 131
99 49 99 72
99 49 197 49
197 49 197 72
99 72 197 72
58 24 58 186
58 24 89 24
89 24 89 186
58 186 89 186
11 41 11 65
11 41 180 41
180 41 180 65
11 65 180 65
22 39 22 55
22 39 144 39
144 39 144 55
22 55 144 55
43 6 43 108
43 6 167 6
167 6 167 108
43 108 167 108
28 93 28 135
28 93 105 93
105 93 105 135
28 135 105 135
86 92 86 142
86 92 109 92
109 92 109 142
86 142 109 142
94 27 94 156
94 27 100 27
100 27 100 156
94 156 100 156
43 65 43 94
43 65 82 65
82 65 82 94
43 94 82 94
18 14 18 33
18 14 92 14
92 14 92 33
18 33 92 33
91 28 91 136
91 28 112 28
112 28 112 136
91 136 112 136
23 94 23 166
23 94 70 94
70 94 70 166
23 166 70 166
70 27 70 148
70 27 80 27
80 27 80 148
70 148 80 148
97 95 97 173
97 95 162 95
162 95 162 173
97 173 162 173
20 21 20 185
20 21 60 21
60 21 60 185
20 185 60 185
35 99 35 181
35 99 39 99
39 99 39 181
35 181 39 181
12 62 12 122
12 62 161 62
161 62 161 122
12 122 161 122
60 48 60 197
60 48 167 48
167 48 167 197
60 197 167 197
1 91 1 122
1 91 184 91
184 91 184 122
1 122 184 122
82 80 82 138
82 80 178 80
178 80 178 138
82 138 178 138
46 99 46 167
46 99 146 99
146 99 146 167
46 167 146 167
47 41 47 70
47 41 155 41
155 41 155 70
47 70 155 70
66 3 66 199
66 3 86 3
86 3 86 199
66 199 86 199
63 9 63 189
63 9 101 9
101 9 101 189
63 189 101 189
95 26 95 32
95 26 181 26
181 26 181 32
95 32 181 32
12 31 12 38
12 31 199 31
199 31 199 38
12 38 199 38
88 49 88 197
88 49 141 49
141 49 141 197
88 197 141 197
87 40 87 164
87 40 133 40
133 40 133 164
87 164 133 164
2 45 2 48
2 45 16 45
16 45 16 48
2 48 16 48
82 92 82 149
82 92 158 92
158 92 158 149
82 149 158 149
96 81 96 99
96 81 174 81
174 81 174 99
96 99 174 99
73 12 73 134
73 12 101 12
101 12 101 134
73 134 101 134
76 57 76 81
76 57 112 57
112 57 112 81
76 81 112 81
13 50 13 82
13 50 103 50
103 50 103 82
13 82 103 82
26 3 26 160
26 3 192 3
192 3 192 160
26 160 192 160
8 50 8 122
8 50 104 50
104 50 104 122
8 122 104 122
17 82 17 132
17 82 193 82
193 82 193 132
17 132 193 132
51 28 51 144
51 28 179 28
179 28 179 144
51 144 179 144
67 12 67 177
67 12 162 12
162 12 162 177
67 177 162 177
93 91 93 123
93 91 98 91
98 91 98 123
93 123 98 123
13 94 13 179
13 94 115 94
115 94 115 179
13 179 115 179
36 60 36 90
36 60 196 60
196 60 196 90
36 90 196 90
44 70 44 129
44 70 128 70
128 70 128 129
44 129 128 129
85 73 85 183
85 73 124 73
124 73 124 183
85 183 124 183
31 74 31 117
31 74 105 74
105 74 105 117
31 117 105 117
34 1 34 26
34 1 172 1
172 1 172 26
34 26 172 26
64 53 64 93
64 53 122 53
122 53 122 93
64 93 122 93
29 91 29 102
29 91 142 91
142 91 142 102
29 102 142 102
98 81 98 83
98 81 134 81
134 81 134 83
98 83 134 83
58 84 58 161
58 84 130 84
130 84 130 161
58 161 130 161
74 78 74 115
74 78 134 78
134 78 134 115
74 115 134 115
78 22 78 178
78 22 93 22
93 22 93 178
78 178 93 178
35 30 35 74
35 30 151 30
151 30 151 74
35 74 151 74
43 26 43 168
43 26 49 26
49 26 49 168
43 168 49 168
15 60 15 173
15 60 128 60
128 60 128 173
15 173 128 173
65 7 65 133
65 7 149 7
149 7 149 133
65 133 149 133
4 32 4 54
4 32 5 32
5 32 5 54
4 54 5 54
77 88 77 132
77 88 153 88
153 88 153 132
77 132 153 132
84 71 84 146
84 71 127 71
127 71 127 146
84 146 127 146
39 84 39 97
39 84 145 84
145 84 145 97
39 97 145 97
69 14 69 94
69 14 171 14
171 14 171 94
69 94 171 94
51 87 51 96
51 87 89 87
89 87 89 96
51 96 89 96
82 79 82 184
82 79 135 79
135 79 135 184
82 184 135 184
80 28 80 66
80 28 118 28
118 28 118 66
80 66 118 66
63 20 63 167
63 20 88 20
88 20 88 167
63 167 88 167
61 46 61 177
61 46 85 46
85 46 85 177
61 177 85 177
71 9 71 21
71 9 90 9
90 9 90 21
71 21 90 21
69 41 69 134
69 41 144 41
144 41 144 134
69 134 144 134
10 2 10 99
10 2 79 2
79 2 79 99
10 99 79 99
42 55 42 117
42 55 123 55
123 55 123 117
42 117 123 117
81 91 81 175
81 91 98 91
98 91 98 175
81 175 98 175
